(0)sqrtts (1)l_peak (2)b_peak (3)dist (4)exp[cm2 s] (5)exp[cm2] (6)time_mjd (7)time_tt (8)time_utc (9)flux*10^-8 (10)flux_err*10^-8 (11)flux_ul*10^-8 (12)counts (13)counts_err (14)spectral_index (15)spectral_index_err (16)l (17)b (18)distellipse (19)r (20)ella (21)ellb (22)ellphi (23)ap[#] (24)id_detection (25)gal (26)iso (27)fit_fcn0 (28)fit_fcn1 (29)exp_ratio
3.19238 92.4102 -10.3946 0 74649200 215.99884259259 54409.5000/54413.5000 121348800/121694400 2007-11-05T12:01:05/2007-11-09T12:01:05 42.1043 16.9052 80.2927 24.8346 9.97125 1.96903 0 -1 -1 -1 -1 -1 -1 -1 # 1460817 0.7 4.887 657.997 652.902 0
1.28495 92.4102 -10.3946 0 58132700 168.20804398148 54417.5000/54421.5000 122040000/122385600 2007-11-13T12:01:05/2007-11-17T12:01:05 22.2506 19.6153 67.8315 10.2204 9.00993 1.96903 0 -1 -1 -1 -1 -1 -1 -1 # 1460781 0.7 4.887 614.924 614.098 0
2.88335 92.4102 -10.3946 0 66658300 192.87702546296 54421.5000/54425.5000 122385600/122731200 2007-11-17T12:01:05/2007-11-21T12:01:05 43.1409 18.8714 85.8784 22.7221 9.93946 1.96903 0 -1 -1 -1 -1 -1 -1 -1 # 1460806 0.7 4.887 624.253 620.096 0
2.94412 92.4102 -10.3946 0 62546200 180.97858796296 54425.5000/54429.5000 122731200/123076800 2007-11-21T12:01:05/2007-11-25T12:01:05 52.1076 21.7899 100.734 25.7518 10.7686 1.96903 0 -1 -1 -1 -1 -1 -1 -1 # 1460837 0.7 4.887 646.598 642.264 0
0 92.4102 -10.3946 0 57923100 167.6015625 54429.5000/54433.5000 123076800/123422400 2007-11-25T12:01:05/2007-11-29T12:01:05 0 2.06017 7.97527 0 0.942888 1.96903 0 -1 -1 -1 -1 -1 -1 -1 # 1460801 0.7 4.887 490.833 490.833 0
1.8703 92.4102 -10.3946 0 82844800 239.71296296296 54441.5000/54445.5000 124113600/124459200 2007-12-07T12:01:05/2007-12-11T12:01:05 19.806 12.5125 48.7424 12.9648 8.1906 1.96903 0 -1 -1 -1 -1 -1 -1 -1 # 1460768 0.7 4.62 665.331 663.582 0
1.29169 92.4102 -10.3946 0 83006900 240.18200231481 54445.5000/54449.5000 124459200/124804800 2007-12-11T12:01:05/2007-12-15T12:01:05 14.2422 12.5122 43.4611 9.34103 8.20641 1.96903 0 -1 -1 -1 -1 -1 -1 -1 # 1460794 0.7 4.62 641.777 640.943 0
0 92.4102 -10.3946 0 60912200 176.2505787037 54569.5000/54573.5000 135172800/135518400 2008-04-13T12:01:05/2008-04-17T12:01:05 0 5.8434 20.5576 0 2.81239 1.96903 0 -1 -1 -1 -1 -1 -1 -1 # 1460782 0.7 4.837 593.659 593.659 0
1.2533 92.4102 -10.3946 0 56637900 163.8828125 54573.5000/54577.5000 135518400/135864000 2008-04-17T12:01:05/2008-04-21T12:01:05 19.2167 17.6432 61.325 8.59984 7.89569 1.96903 0 -1 -1 -1 -1 -1 -1 -1 # 1460812 0.7 4.837 583.246 582.46 0
1.26768 92.4102 -10.3946 0 68053800 196.91493055556 54577.5000/54581.5000 135864000/136209600 2008-04-21T12:01:05/2008-04-25T12:01:05 18.4967 16.3574 56.3728 9.94606 8.79572 1.96903 0 -1 -1 -1 -1 -1 -1 -1 # 1460807 0.7 4.837 592.51 591.707 0
1.978 92.4102 -10.3946 0 70442700 203.82725694444 54581.5000/54585.5000 136209600/136555200 2008-04-25T12:01:05/2008-04-29T12:01:05 25.3531 15.3597 61.0086 14.1115 8.54918 1.96903 0 -1 -1 -1 -1 -1 -1 -1 # 1460820 0.7 4.837 580.901 578.945 0
1.10154 92.4102 -10.3946 0 50144700 145.09461805556 54589.5000/54593.5000 136900800/137246400 2008-05-03T12:01:05/2008-05-07T12:01:05 21.1524 21.7592 72.859 8.38087 8.62132 1.96903 0 -1 -1 -1 -1 -1 -1 -1 # 1460773 0.7 5.488 575.803 575.196 0
0.699613 92.4102 -10.3946 0 76235800 220.58969907407 54597.5000/54601.5000 137592000/137937600 2008-05-11T12:01:05/2008-05-15T12:01:05 7.6219 11.9364 37.177 4.59121 7.19012 1.96903 0 -1 -1 -1 -1 -1 -1 -1 # 1460813 0.7 4.401 656.779 656.535 0
0.86307 92.4102 -10.3946 0 72950800 211.08449074074 54601.5000/54605.5000 137937600/138283200 2008-05-15T12:01:05/2008-05-19T12:01:05 7.8129 10.0483 32.5776 4.50347 5.79201 1.96903 0 -1 -1 -1 -1 -1 -1 -1 # 1460825 0.7 4.401 623.021 622.649 0
1.87917 92.4102 -10.3946 0 79942400 231.31481481481 54605.5000/54609.5000 138283200/138628800 2008-05-19T12:01:05/2008-05-23T12:01:05 20.0732 12.8005 49.9665 12.6794 8.08554 1.96903 0 -1 -1 -1 -1 -1 -1 -1 # 1460772 0.7 4.401 657.927 656.161 0
0.726834 92.4102 -10.3946 0 80764700 233.69415509259 54609.5000/54613.5000 138628800/138974400 2008-05-23T12:01:05/2008-05-27T12:01:05 7.2117 10.8828 34.1209 4.60218 6.94493 1.96903 0 -1 -1 -1 -1 -1 -1 -1 # 1460804 0.7 4.401 618.754 618.49 0
1.30646 92.4102 -10.3946 0 68574000 198.42013888889 54613.5000/54617.5000 138974400/139320000 2008-05-27T12:01:05/2008-05-31T12:01:05 14.9239 13.3235 47.0357 8.08626 7.2191 1.96903 0 -1 -1 -1 -1 -1 -1 -1 # 1460802 0.7 4.401 593.57 592.716 0
0 92.4102 -10.3946 0 80211800 232.0943287037 54617.5000/54621.5000 139320000/139665600 2008-05-31T12:01:05/2008-06-04T12:01:05 0 4.27211 14.1358 0 2.70761 1.96903 0 -1 -1 -1 -1 -1 -1 -1 # 1460795 0.7 4.401 645.397 645.397 0
0 92.4102 -10.3946 0 68622000 198.55902777778 54621.5000/54625.5000 139665600/140011200 2008-06-04T12:01:05/2008-06-08T12:01:05 0 41.3739 26.3668 0 22.4334 1.96903 0 -1 -1 -1 -1 -1 -1 -1 # 1460777 0.7 4.401 592.64 592.64 0
0.907185 92.4102 -10.3946 0 80061400 231.65914351852 54633.5000/54637.5000 140702400/141048000 2008-06-16T12:01:05/2008-06-20T12:01:05 10.018 12.2265 39.237 6.3374 7.73447 1.96903 0 -1 -1 -1 -1 -1 -1 -1 # 1460814 0.7 4.707 635.113 634.701 0
1.45019 92.4102 -10.3946 0 82875800 239.80266203704 54637.5000/54641.5000 141048000/141393600 2008-06-20T12:01:05/2008-06-24T12:01:05 17.3187 13.5146 48.3298 11.3409 8.84984 1.96903 0 -1 -1 -1 -1 -1 -1 -1 # 1460780 0.7 4.707 631.698 630.647 0
1.34185 92.4102 -10.3946 0 80940300 234.20225694444 54641.5000/54645.5000 141393600/141739200 2008-06-24T12:01:05/2008-06-28T12:01:05 14.6434 12.5569 44.3113 9.36506 8.03067 1.96903 0 -1 -1 -1 -1 -1 -1 -1 # 1460791 0.7 4.707 641.96 641.059 0
0 92.4102 -10.3946 0 60896100 176.20399305556 54673.5000/54677.5000 144158400/144504000 2008-07-26T12:01:05/2008-07-30T12:01:05 0 9.23025 23.3511 0 4.44128 1.96903 0 -1 -1 -1 -1 -1 -1 -1 # 1460774 0.7 5.183 614.347 614.347 0
0 92.4102 -10.3946 0 52045700 150.59519675926 54681.5000/54685.5000 144849600/145195200 2008-08-03T12:01:05/2008-08-07T12:01:05 0 5.10495 17.9435 0 2.09933 1.96903 0 -1 -1 -1 -1 -1 -1 -1 # 1460810 0.7 5.183 545.739 545.739 0
0.947421 92.4102 -10.3946 0 44740300 129.45688657407 54685.5000/54689.5000 145195200/145540800 2008-08-07T12:01:05/2008-08-11T12:01:05 16.6476 19.9749 65.7307 5.88512 7.06135 1.96903 0 -1 -1 -1 -1 -1 -1 -1 # 1460789 0.7 5.183 577.513 577.064 0.832838
1.68842 92.4102 -10.3946 0 35895200 103.86342592593 54689.5000/54693.5000 145540800/145886400 2008-08-11T12:01:05/2008-08-15T12:01:05 38.0377 27.5764 103.523 10.7884 7.8213 1.96903 0 -1 -1 -1 -1 -1 -1 -1 # 1460849 0.7 5.183 472.171 470.746 8.56633
0 92.4102 -10.3946 0 70791100 204.8353587963 54773.5000/54777.5000 152798400/153144000 2008-11-03T12:01:05/2008-11-07T12:01:05 0 5.12692 16.0017 0 2.86774 1.96903 0 -1 -1 -1 -1 -1 -1 -1 # 1460840 0.7 4.834 595.678 595.678 0
2.04502 92.4102 -10.3946 0 60578500 175.28501157407 54777.5000/54781.5000 153144000/153489600 2008-11-07T12:01:05/2008-11-11T12:01:05 26.9287 16.1679 64.9033 12.8896 7.73886 1.96903 0 -1 -1 -1 -1 -1 -1 -1 # 1460836 0.7 4.834 605.742 603.65 0
1.76237 92.4102 -10.3946 0 68161000 197.22511574074 54781.5000/54785.5000 153489600/153835200 2008-11-11T12:01:05/2008-11-15T12:01:05 28.4635 18.7885 71.2099 15.3295 10.1189 1.96903 0 -1 -1 -1 -1 -1 -1 -1 # 1460779 0.7 4.834 600.929 599.376 0
1.61694 92.4102 -10.3946 0 72330200 209.28877314815 54785.5000/54789.5000 153835200/154180800 2008-11-15T12:01:05/2008-11-19T12:01:05 22.3337 16.0864 59.5552 12.7639 9.19353 1.96903 0 -1 -1 -1 -1 -1 -1 -1 # 1460783 0.7 4.834 638.48 637.173 0
0.872615 92.4102 -10.3946 0 71668700 207.37471064815 54789.5000/54793.5000 154180800/154526400 2008-11-19T12:01:05/2008-11-23T12:01:05 10.8304 13.7589 44.1264 6.13309 7.79144 1.96903 0 -1 -1 -1 -1 -1 -1 -1 # 1460790 0.7 4.834 612.967 612.587 0
1.55798 92.4102 -10.3946 0 48571500 140.54253472222 54793.5000/54797.5000 154526400/154872000 2008-11-23T12:01:05/2008-11-27T12:01:05 28.2952 21.5351 78.8748 10.8592 8.26482 1.96903 0 -1 -1 -1 -1 -1 -1 -1 # 1460793 0.7 4.834 564.16 562.947 0
1.35503 92.4102 -10.3946 0 81943900 237.10619212963 54805.5000/54809.5000 155563200/155908800 2008-12-05T12:01:05/2008-12-09T12:01:05 14.5304 12.268 43.3787 9.40803 7.94319 1.96903 0 -1 -1 -1 -1 -1 -1 -1 # 1460815 0.7 4.957 633.457 632.539 0
1.05108 92.4102 -10.3946 0 56932700 164.73582175926 54809.5000/54813.5000 155908800/156254400 2008-12-09T12:01:05/2008-12-13T12:01:05 15.0897 16.2828 54.2662 6.78809 7.3248 1.96903 0 -1 -1 -1 -1 -1 -1 -1 # 1460784 0.7 4.957 600.911 600.358 0
1.84448 92.4102 -10.3946 0 63424400 183.51967592593 54813.5000/54817.5000 156254400/156600000 2008-12-13T12:01:05/2008-12-17T12:01:05 21.9273 14.418 56.024 10.9887 7.22546 1.96903 0 -1 -1 -1 -1 -1 -1 -1 # 1460816 0.7 4.957 589.407 587.706 0
2.32404 92.4102 -10.3946 0 56242300 162.73813657407 54829.5000/54833.5000 157636800/157982400 2008-12-29T12:01:05/2009-01-02T12:01:05 29.6461 16.1105 67.5652 13.1745 7.1594 1.96903 0 -1 -1 -1 -1 -1 -1 -1 # 1460769 0.7 5.454 608.138 605.438 0
0 92.4102 -10.3946 0 73126800 211.59375 54837.5000/54841.5000 158328000/158673600 2009-01-06T12:01:06/2009-01-10T12:01:06 0 5.25914 17.5736 0 3.03876 1.96903 0 -1 -1 -1 -1 -1 -1 -1 # 1460830 0.7 5.454 649.306 649.306 0
1.7383 92.4102 -10.3946 0 71872800 207.96527777778 54853.5000/54857.5000 159710400/160056000 2009-01-22T12:01:06/2009-01-26T12:01:06 22.0875 15.0929 57.3705 12.5434 8.57123 1.96903 0 -1 -1 -1 -1 -1 -1 -1 # 1460826 0.7 4.995 645.27 643.759 0
1.65548 92.4102 -10.3946 0 66906100 193.59403935185 54857.5000/54861.5000 160056000/160401600 2009-01-26T12:01:06/2009-01-30T12:01:06 22.72 16.1238 60.2412 12.011 8.52389 1.96903 0 -1 -1 -1 -1 -1 -1 -1 # 1460823 0.7 4.995 605.022 603.652 0
0 92.4102 -10.3946 0 55779100 161.3978587963 54869.5000/54873.5000 161092800/161438400 2009-02-07T12:01:06/2009-02-11T12:01:06 0 15.2066 29.8466 0 6.70205 1.96903 0 -1 -1 -1 -1 -1 -1 -1 # 1460771 0.7 4.995 588.381 588.381 0
0 92.4102 -10.3946 0 49062400 141.96296296296 54877.5000/54881.5000 161784000/162129600 2009-02-15T12:01:06/2009-02-19T12:01:06 0 8.41994 22.6209 0 3.26409 1.96903 0 -1 -1 -1 -1 -1 -1 -1 # 1460805 0.7 4.995 535.914 535.914 0
2.48386 92.4102 -10.3946 0 52654800 152.35763888889 54885.5000/54889.5000 162475200/162820800 2009-02-23T12:01:06/2009-02-27T12:01:06 43.9393 22.1396 94.5897 18.2808 9.21112 1.96903 0 -1 -1 -1 -1 -1 -1 -1 # 1460832 0.7 4.995 583.794 580.709 0
0.69316 92.4102 -10.3946 0 52609500 152.2265625 54937.5000/54941.5000 166968000/167313600 2009-04-16T12:01:06/2009-04-20T12:01:06 11.292 17.8177 54.8934 4.69396 7.40665 1.96903 0 -1 -1 -1 -1 -1 -1 -1 # 1460796 0.7 4.875 559.063 558.822 0
1.14715 92.4102 -10.3946 0 65067300 188.2734375 54945.5000/54949.5000 167659200/168004800 2009-04-24T12:01:06/2009-04-28T12:01:06 16.7773 16.5553 56.0534 8.62559 8.51148 1.96903 0 -1 -1 -1 -1 -1 -1 -1 # 1460827 0.7 4.875 591.297 590.639 0
2.23952 92.4102 -10.3946 0 68315100 197.67100694444 54957.5000/54961.5000 168696000/169041600 2009-05-06T12:01:06/2009-05-10T12:01:06 33.0019 17.7259 73.2884 17.814 9.5682 1.96903 0 -1 -1 -1 -1 -1 -1 -1 # 1460829 0.7 4.739 619.665 617.157 0
0 92.4102 -10.3946 0 73335800 212.19849537037 54961.5000/54965.5000 169041600/169387200 2009-05-10T12:01:06/2009-05-14T12:01:06 0 6.47398 17.118 0 3.75139 1.96903 0 -1 -1 -1 -1 -1 -1 -1 # 1460824 0.7 4.739 613.089 613.089 0
2.48898 92.4102 -10.3946 0 79833900 231.00086805556 54997.5000/55001.5000 172152000/172497600 2009-06-15T12:01:06/2009-06-19T12:01:06 26.3229 13.2742 57.028 16.6045 8.37336 1.96903 0 -1 -1 -1 -1 -1 -1 -1 # 1460808 0.7 4.222 634.427 631.329 0
2.04178 92.4102 -10.3946 0 81225800 235.02835648148 55001.5000/55005.5000 172497600/172843200 2009-06-19T12:01:06/2009-06-23T12:01:06 20.2468 12.1471 48.7807 12.9944 7.79598 1.96903 0 -1 -1 -1 -1 -1 -1 -1 # 1460843 0.7 4.222 628.227 626.142 0
2.94171 92.4102 -10.3946 0 75026500 217.09056712963 55009.5000/55013.5000 173188800/173534400 2009-06-27T12:01:06/2009-07-01T12:01:06 34.4899 14.9528 68.6323 20.4462 8.86422 1.96903 0 -1 -1 -1 -1 -1 -1 -1 # 1460799 0.7 5.044 654.234 649.907 0
2.08199 92.4102 -10.3946 0 75360500 218.05700231481 55021.5000/55025.5000 174225600/174571200 2009-07-09T12:01:06/2009-07-13T12:01:06 23.1577 13.571 54.8042 13.7894 8.08091 1.96903 0 -1 -1 -1 -1 -1 -1 -1 # 1460788 0.7 5.044 646.677 644.51 0
2.00759 92.4102 -10.3946 0 75902200 219.6244212963 55029.5000/55033.5000 174916800/175262400 2009-07-17T12:01:06/2009-07-21T12:01:06 29.54 17.2679 68.6262 17.7162 10.3562 1.96903 0 -1 -1 -1 -1 -1 -1 -1 # 1460831 0.7 6.047 646.998 644.983 0
1.3498 92.4102 -10.3946 0 71201800 206.02372685185 55037.5000/55041.5000 175608000/175953600 2009-07-25T12:01:06/2009-07-29T12:01:06 21.7148 17.8516 62.1183 12.2166 10.0432 1.96903 0 -1 -1 -1 -1 -1 -1 -1 # 1460838 0.7 6.047 645.554 644.643 0
0 92.4102 -10.3946 0 60478700 174.99623842593 55045.5000/55049.5000 176299200/176644800 2009-08-02T12:01:06/2009-08-06T12:01:06 0 7.02432 21.6359 0 3.35669 1.96903 0 -1 -1 -1 -1 -1 -1 -1 # 1460834 0.7 6.047 599.333 599.333 0
